6227
1947
5296
-1342
7323
6529
-3161
-9726
-2899
-2947
-1288
-5671
6684
-4681
-2214
-4963
6209
3620
9868
8003
-1759
2075
3639
-4830
-7848
-4426
2451
-706
-8622
8613
-772
-7204
-8085
8206
-376
8736
790
2580
-9026
-7548
3809
-173
-8073
-2086
-7985
-8820
723
6547
-6384
3979
9117
-9239
3257
2440
3982
-6713
5950
-2903
-918
3870
9847
13
2017
-1886
9111
9922
3775
-4405
-3680
-3604
-9074
1086
7241
-7166
1875
8025
-8844
834
6884
-9831
-6694
9349
-6758
-2181
-6326
5996
-9608
-9120
2225
-9408
-1952
2517
-4589
900
1633
5504
7686
-5494
-6682
-9332
9193
-7766
-9641
9578
-1965
181
-9542
-1249
-9533
-2774
-2332
9616
1531
-7934
3995
9427
-4199
1915
-4175
-8668
2118
1378
8039
8700
2488
453
-6019
937
2374
-5961
868
5201
9200
-5054
-6779
-4507
8655
5489
1182
-7726
6728
4464
2714
-8632
4977
3026
251
9001
2453
-42
5049
-9524
6193
2058
9879
9801
-9606
8778
-7119
-5393
-423
4546
-3670
-9870
3592
2624
91
9730
-6121
-3410
-4200
-5390
5976
7605
-3902
1702
-9290
5120
-9679
-7491
8977
7748
-7237
8233
-9892
1521
-681
-4228
2991
9857
9773
8515
6179
3592
8501
8322
1151
8741
-118
-5607
-7823
-9682
6557
-5729
-2826
4704
3764
-3491
-2150
-1620
8883
7382
-8414
-169
3176
-8687
8096
1173
-6985
7214
8494
-7764
-2101
9201
2862
8029
-8100
6160
-6109
-704
7410
5009
-6461
6603
-6612
-1336
3225
-6751
-18
5758
-4184
2064
2535
-6577
-4136
7909
-4567
9531
8232
4664
-9255
8585
485
1523
-5472
-933
-7413
-9381
-2934
-7955
-2818
-2962
7827
-2652
-5346
6796
3966
-1427
-500
8734
3665
-8067
-6150
-6901
-5030
-1052
-8615
-5754
-2029
3140
6355
-2198
-5611
3001
7800
-2767
2576
-1749
-589
7919
-1994
-6435
3195
837
-4185
-5194
-6152
7297
8514
-2738
-9661
-7029
8353
2892
-5326
-7771
6761
1267
390
7562
8783
-9943
7294
-6351
3186
-4972
7067
4181
8203
4994
-2673
7407
-2477
-327
5286
-1907
-496
6347
-3549
-925
-3275
6101
-5383
-3717
-1340
6973
7091
1763
9758
-1918
-5289
-4907
8402
8743
1721
-867
-5837
1548
-8847
-3141
-4233
-6045
-6111
8401
5820
3721
4103
3283
4850
2879
5838
-4759
-7585
3855
-122
-5857
7268
5654
9481
5595
-5800
-4238
-8331
-804
9079
9148
867
6868
6126
3667
-2757
2326
-7837
8677
1122
3598
6087
7897
-2499
3182
-2769
-545
-3722
1046
-9688
1226
3481
-6704
-3597
-4268
7181
474
-3977
8778
-1290
-7786
-5559
6298
5020
2071
-9283
650
8604
1094
-3637
4390
-5380
-4601
-8931
-9487
1949
-7067
1652
3623
2481
-6773
-9451
-1715
-4438
4354
-2159
2714
9101
-9660
-7506
2748
666
9385
5707
3776
3894
-9377
5392
-4012
3575
2323
-9550
-6575
2614
-9225
-2491
-8424
-7448
1442
-4248
1238
2972
-6632
-6758
7767
1205
-3052
-886
7348
380
-9909
-4760
-2049
8082
-5413
5129
6454
-929
-1218
6561
-2495
-3817
5758
-4938
-7328
-691
-9265
9999
-6525
2992
-1097
-3183
6815
5136
4835
-3003
3879
7861
33
-9518
-7865
-662
3783
-8104
994
-1798
9587
-5683
4215
4981
-5937
2890
8717
2650
1066
1842
-9223
-5532
-6151
6905
-8024
-2548
2609
5646
9678
3746
2362
8688
-1776
-8601
4760
-7341
3731
-4896
-9302
-2857
2871
-265
1736
77
4426
-7534
-5302
-70
-9537
217
-8558
-6914
-5315
8399
5912
-1278
-7017
2129
782
-4262
6175
7689
-2174
-8021
-924
-2789
-4699
1008
-3182
6549
-7742
1512
6054
8264
-2219
5452
-6179
3656
-2411
2301
-3514
3217
104
3469
8991
8539
-3479
-810
-4
4895
9806
-531
605
-3543
-275
6117
8606
2064
5816
9641
-5481
7261
-3861
7242
-7201
-8183
1972
-3942
-2024
-1555
617
-2877
-2839
80
-1871
-9467
7333
-8377
-7027
-2831
-8598
-4191
-3996
-9630
8244
-935
9440
3217
3681
-3441
-1551
-7244
3697
1041
248
3508
730
-4731
-3655
-5969
-4386
-3283
1847
793
-5744
3792
2721
8756
-770
-2946
-795
-4081
-8691
-3959
3451
-161
-2754
8766
-5581
-3315
295
8493
-506
-8504
5668
-212
-5800
-2456
-2101
-6323
-6465
845
1091
-2850
6613
-2854
-6167
-3265
3887
-8486
-2491
3861
6101
-8214
-8698
-7838
6224
-4384
-5757
6349
-4862
6405
6279
7093
-3215
4489
6363
6097
-868
3555
-4349
6162
3539
-8470
9861
-1436
-2759
9149
-3851
1384
-4519
-5006
-2861
-9898
1434
2578
-1472
9309
8799
1847
-6523
8672
711
2568
2158
-2759
-4583
5456
2413
-839
7761
29
-2294
-7186
3043
-2447
-8875
-1019
-3999
6521
-9698
-6548
3482
-6095
-1358
7293
7094
-6336
7088
-8079
1664
7993
8054
4316
629
3636
-8680
1892
-8294
-8187
910
-5349
-1253
2158
3430
-2873
-8437
-8084
-6143
-2055
-7595
9985
-8520
-7206
-118
866
-5029
3073
2610
-5248
-5350
4259
-6253
-9816
-8102
8042
-9016
7427
2238
2764
6767
2687
6625
-2221
-1685
2645
-2336
2457
-5328
-1374
8078
760
1361
-4073
-2007
-7741
-9232
-6789
1091
-1311
-5718
-3767
-2072
128
-1642
-4085
-6705
3764
7551
3819
-7929
1861
5533
8787
-2516
9769
26
-3830
4773
7285
2172
-3899
-5558
-601
-7276
-9032
4994
-6468
-6772
-2438
8897
2631
-7569
1248
573
1137
-6222
4074
6886
6789
6078
1389
-8281
-3097
8993
2240
6671
-9006
-8616
10
6246
9103
-2817
3875
2279
5703
-1614
1043
-2628
-912
-4284
8254
-164
5499
-9514
-4117
-2042
4766
6496
-1275
-2554
6594
7623
2649
-2790
-3631
9285
-598
1752
5752
-73
3364
1690
7747
4413
2351
8829
-2934
-6937
-3113
6540
7973
8321
-3585
-7683
-1647
1045
5451
3228
6483
433
-2078
18
-2764
-2620
-6092
-7210
4646
473
-3090
4194
4120
-3513
-4307
7526
3400
-7584
469
8885
-9881
-271
7919
4493
-3376
4279
5586
-3926
-9099
9681
-7319
9171
-4923
7509
963
7659
3203
-1505
-2949
6882
-4612
-2226
-5652
6458
-5095
6503
-5201
325
9184
-5315
3463
8755
-6977
3238
-3711
-4967
-8230
-5162
-7901
3280
8669
6443
-3211
-966
-1330
-7257
-3573
3509
3607
-5368
6009
3459
-9099
-8248
-6011
-553
1109
-2399
-4323
6671
-3915
-9202
-6212
-1327
3753
9131
-8558
-8150
2468
-9819
4834
1645
-8894
9114
-2873
-200
8429
-5231
1841
-5168
9346
-3523
-9171
896
-9757
-6454
-8084
-3677
1636
-2727
4430
-6402
8675
-629
3783
7710
-8311
-1168
-2218
9463
-1518
-7543
-766
-8373
9945
479
5457
-5776
8030
-7674
-9160
49
-5324
-2096
-496
7471
-6434
8130
-8355
7068
814
-4634
3407
-1297
1965
9582
6344
-2049
7524
-8503
-7508
-6773
-9165
-7882
-2153
-9511
-6608
-2983
3127
569
-2580
-5477
636
-6751
-8319
-5921
-1407
-8289
-384
-4809
4082
-6028
6444
8490
9314
-3590
9715
1723
3894
5200
3171
-3574
2083
-4798
9775
-8332
-3690
-7189
-9653
6696
-8338
2395
-6256
-1322
-3843
-1247
-4333
-8329
-6097
-6871
420
-2032
6386
-600
1032
6354
-1933
4178
-9911
5957
4250
-5983
-5911
-3473
-513
754
-1790
-6869
2173
2462
-3514
-8586
4664
-3392
-5903
-312
6572
2571
-5321
-1499
9788
2826
-6448
-5545
-9690
5240
9484
9624
3238
3737
-2619
-6464
-9981
5688
9869
-3500
-1552
9586
-6741
5990
-8865
-9528
-2792
6599
7657
-9899
4351
2610
-2311
-6083
6747
8049
-1349
-4156
-98
-6248
2165
-8989
8615
-1193
8555
8919
291
-3422
6980
-3200
5013
-8423
640
5611
5240
2403
6285
-2296
-5216
8652
4212
-9165
-5218
-2678
-8947
-7337
8484
-4828
1508
-3503
-6206
5529
-2080
6347
-1375
-5154
8839
-1406
6701
8047
3511
4728
6817
-8268
5920
5519
-1488
-8646
-4434
-3929
-9903
2884
9066
6519
5710
6435
-9439
1697
-4224
7443
-2931
-5084
-9324
1950
4636
5532
7632
4807
-347
-6760
-3237
-8099
3123
8487
6223
8379
-6189
7306
4144
-613
-1876
-289
6902
8008
-4079
-4759
7429
3638
8139
1528
-1247
-2584
-8793
8769
922
-7837
5084
726
-9386
354
-8061
5111
-8462
-9355
-6565
-5291
8243
2184
1234
154
-2942
4288
2060
-6693
-8224
-4455
-8651
4191
-7276
2696
-6622
8392
-6921
-145
2107
1125
-1851
-7598
7485
-898
-3180
-3808
5679
8101
7420
5704
-7025
2311
-592
-5675
899
-8192
-2633
3793
1544
3768
-1736
-3
-4319
-1923
7516
4968
-6938
1581
3351
436
1948
971
7119
6781
-5075
214
4623
-1758
-4299
9501
-1362
-2290
444
425
-335
846
6761
7342
9884
-1454
-272
5308
4497
-2119
7435
1996
4323
-2961
-6339
3373
-330
-9788
6537
-790
6014
7673
9914
6512
7103
-8900
-4541
-3383
-9031
-3994
-7277
-5686
-5583
4156
1393
-3367
8943
9911
-2256
-1854
-5854
-7303
-5338
4829
-4716
-277
-3558
4137
9893
6096
1463
-9782
-1256
-4782
-6276
3157
3662
1453
-5282
-6342
9705
-29
6514
4716
-833
-7560
880
-7028
-5840
-6241
2886
6190
-2112
9455
-5846
-3538
-5412
-2073
4299
-9557
84
-1686
1894
3235
7377
-6983
-9429
7091
4324
7552
-6656
7946
-1092
-1500
5174
3258
5615
1702
-1900
-7760
-1234
6082
-7188
3469
-745
1119
-8180
-8332
-5126
2522
2102
-7313
4898
-659
-4071
-3783
4840
-6569
8510
-7208
-6160
-5419
-579
6891
-4213
4984
-1045
-9995
-9550
-8567
3605
-407
-8262
-6942
8728
7014
-4174
-929
7095
8671
2734
1924
-3541
3094
3890
388
9648
1849
6376
-1867
7290
3186
1444
-7284
8238
-1643
-1588
2129
-2448
1241
-3431
2699
-7316
6391
-7054
-4245
3532
7813
-8524
5174
-6029
-7616
2705
-49
-4294
6706
-7956
5851
-1646
-117
6265
401
-7876
5585
-7012
968
-9752
3613
2443
9639
-8664
-3464
-8419
1854
-2552
-9548
2695
2479
-3553
-7166
4347
8673
5432
-722
-3296
5558
-8293
-815
8085
-7968
-2296
4187
-1637
-8675
-1818
-8531
5259
1051
6263
-417
9065
-1588
7940
9106
-4425
540
5868
590
-1458
-7199
-3300
-8279
-524
46
-779
-8868
2645
3194
-5992
-5966
-352
-620
-5586
3273
-9107
-4171
-6527
-6545
2832
3559
-5742
3274
-202
4331
-1433
6126
5334
5373
4492
-1182
-8611
4297
-2626
-4798
1313
1796
6576
629
7753
-8715
9409
2108
3230
5576
435
186
4176
3917
1812
-3910
1932
-158
-9941
-3475
6899
-862
-3534
9958
-6948
8833
6243
8358
-7297
-7514
9180
-2172
6343
5851
4440
4817
-2892
-2769
-842
8304
-3250
-3275
4245
-971
8081
3056
-1804
3557
-1443
7702
-370
2573
-7396
-7230
-1066
7395
5090
9416
891
8733
4017
-1214
4998
-1736
-8413
2287
7772
-7548
2735
954
5193
3584
5260
-6799
-4695
-6886
-6624
965
3293
-2364
421
-7879
-1455
-4884
-4945
-9410
7596
2533
1474
-1477
7495
-1839
-9744
7391
9393
-9016
-9878
-3593
6937
-597
-5368
9443
8323
-7215
-3265
-2925
1031
-7654
1954
-542
-5260
-6073
-4590
8591
6340
-1296
1288
836
8470
1445
9100
7947
-4476
3328
-2075
3545
-6409
8555
-8168
-4322
41
-4311
6203
-9930
7097
8558
6825
8744
-2921
-506
-9786
2064
-784
2885
-4557
1070
816
-8396
-9262
-6179
-7174
-6763
9512
715
-5296
3844
-511
443
3292
-8689
2263
6920
4300
8294
2777
-1141
3301
-1906
3989
5453
-6681
-1510
-592
1023
-1057
3507
-2283
-9027
9275
4426
-3414
-2901
6517
-5672
4650
9266
178
-8862
8461
9580
2481
1855
2914
-7449
-8359
-2826
1369
-3009
-1187
-3032
5679
-8369
-5655
-1444
8084
-5841
-3574
-5677
-6263
9201
6830
-1752
3153
9261
6507
-5539
8737
-8899
-4599
-3011
6046
8531
4914
-2966
1872
9173
93
7564
-7159
-3638
-4407
9456
-3937
8580
-4307
-9490
-7430
-8655
-8019
-6502
-64
-3279
8303
-2408
-1551
2766
1175
-8204
-8295
4561
3469
-9036
3555
9205
-1543
720
9719
4970
7059
599
-460
1430
9386
-6413
-7410
-9443
655
9140
-8782
-4146
-9109
9828
-4150
-6066
-4311
5240
-317
-8363
-5023
-4737
1887
-9171
1771
5592
5446
-28
-4183
-3740
-5746
434
-7076
4719
8806
-4355
3628
9933
-3941
4621
-1321
-1996
7917
1323
1588
-8703
7071
-1271
-4169
-6006
970
-930
-5165
5755
919
5881
248
-3379
3886
-6805
1666
2068
4212
-5481
1005
1543
6516
-1976
2549
-2278
6211
217
-2715
-2637
3083
-2755
9958
5357
2132
-1188
4023
8004
-1544
-8925
-9718
-638
8210
-6003
1439
-2615
8216
-4802
-3585
-5349
6660
-9733
9947
-7254
9805
9128
3277
6452
4973
911
-6705
-6442
-2995
3365
9080
-8413
-8164
2663
4497
3306
-7051
-3233
-1925
-4108
-5183
-881
8714
-7813
-9516
-6224
-6468
-4810
4992
-6578
-8450
-1706
6151
8740
-5688
-4807
-6148
7901
-6078
-4198
2659
-1802
-245
4781
-1744
-5183
-6392
3448
9823
5766
369
-6768
-4512
6233
6272
6494
9157
-783
5275
6257
-4095
-3788
-5811
-9821
6373
4282
-3969
9290
-6450
3721
-3276
4438
-4009
239
2061
3384
-957
-1218
-5051
-468
7445
-7895
-6274
-8598
935
-9703
-9089
-3010
-4710
-2890
7491
9815
-179
-8334
-871
-3497
2229
-397
3625
6799
9468
-2281
3006
1340
-5214
3977
6612
1195
1803
8174
-5414
971
6507
-8954
-6621
-5472
-8993
459
6886
5593
-4100
2551
-8493
5471
2753
-7847
-4949
-5371
-6136
-9560
6093
5586
-1139
8789
-5910
-9776
-3023
1124
-8647
7220
-2114
7843
2268
587
-6741
8893
-4729
-9463
9344
-1862
-7500
2989
-1660
-8155
-6219
5435
8991
-6695
8852
-9396
4641
3348
1270
-5145
-3053
-3934
-2908
-6085
-4464
-7014
-2442
2239
8599
1366
-9708
890
-6853
8513
4884
-3078
7998
7739
-4823
-4296
-5753
-5691
8092
-1076
9619
333
-4597
4190
1766
3442
5530
6184
-2115
7039
3997
1649
3396
1119
-4348
1461
-4200
5406
4952
-7461
5578
5647
2749
3175
7949
-368
4663
-655
-9219
-7295
8626
1410
-4651
1111
-5383
-1775
7330
-2702
-1814
-6665
9752
-8734
3007
7984
-9489
-8721
-8095
-341
3590
8067
-9994
-5811
2969
-7171
2424
8981
6050
3521
-5906
-4958
8766
7399
-7258
-3576
-7973
2936
77
-1113
1916
8847
-5412
-3621
-6251
-8446
8893
-6801
3593
9023
-5866
5030
882
5324
-6778
254
5750
-794
-7930
2618
-7296
-8455
1998
3888
3507
-6531
1010
5974
-8342
-236
9932
-5230
5442
9351
-3895
6024
-9587
1334
-7771
3771
4534
-1572
-383
-5491
-849
-1778
6098
6879
-4380
79
-9606
1704
-163
-3875
9065
8606
27
-5520
-9774
-59
-1137
-4002
9745
7006
7890
-1789
-8713
689
328
-6450
9531
-2634
9971
337
-2790
-9753
5134
9135
-4991
8707
-3540
-8223
-8258
6528
9116
-204
2482
-3246
3725
-3767
7770
-5229
-4970
238
5286
1229
2724
-1763
-7302
7253
-9796
2712
-542
-5249
3770
-7604
1732
1039
-187
8670
7887
-4862
-1002
8840
-2092
9168
2229
-3559
-8950
3998
-6650
4504
6058
4279
6093
-3400
8032
-5119
-5286
9892
-4788
3821
-2939
9690
-4448
-3784
-4975
-6014
-684
5041
8900
6532
7958
-869
-209
-1439
9847
7904
1722
-6049
9471
-6944
-4912
-778
4511
-7277
-3682
-8921
6218
993
-796
-7182
-9818
-8108
1173
-1269
6402
-8191
-9944
-9512
-9590
-784
6859
-5097
7024
-8864
-6225
7154
5796
-1787
9435
4407
7514
9196
7971
-5718
536
-9925
-7858
-7357
-2002
-3805
-2199
-6754
725
9124
-5731
-9149
-2982
8225
8062
-2337
-2772
-9354
4967
-9977
6137
-2209
-1504
2581
-4503
-1031
-6354
6602
6460
5560
2812
7403
-7349
2425
3644
-6541
-5443
8651
8361
3354
6460
4018
5187
3810
-1790
7428
-9856
7287
-97
-9310
-8984
9661
3143
-6660
2619
-7471
6568
3353
4586
-7540
961
455
5030
-3317
-1541
-4045
-9588
-5059
9136
-8115
-4331
4679
6181
80
-5681
-2082
-2916
3894
4092
-1627
669
4560
3695
-8760
9287
2219
-4267
1782
-9986
-3996
6157
4948
-9093
3651
-9060
8191
-3602
-8777
6190
567
-6103
-3977
1957
5389
468
8371
-5408
8955
-9032
3841
3799
9539
1887
6947
-3840
-1345
-6912
8988
3827
-4157
-3945
-24
-8895
-5121
-6486
-6018
-2967
9942
-9912
-4656
5883
2904
6414
-1318
8862
-2492
6100
-5236
4911
3530
1510
-8963
3753
2223
-5987
8429
-9434
8651
3901
3383
1552
-6052
9428
-2874
4512
-9520
9256
-2608
4685
-5911
-6209
-3917
-114
-1355
5216
-7097
6004
-5269
1032
7672
-8681
-1637
-8902
-30
652
-5005
-5783
-8097
1437
-8098
6197
7606
-3292
2253
-2812
-5825
3135
-1599
1824
-2895
7497
-9015
7324
-3488
-7629
-5626
4492
3252
7614
8129
7597
7197
-2851
5634
1569
-276
-8500
-3026
-3637
6659
7526
3456
2116
5231
1251
-369
5712
-7166
7048
-2186
-381
5960
-9798
8555
-3180
-3921
2746
-9577
-6590
8252
1254
-8938
8699
-4537
575
-6522
-4414
-6563
-7833
4190
6902
5431
-8461
1517
-5775
-9431
-7681
2914
-6171
5816
-2983
-6426
5058
3621
-9015
3215
-5961
-3716
5196
4995
-9290
8383
-816
2548
-9607
-389
-947
5799
7793
-5793
-6958
-8132
6690
-4426
8779
-9886
3777
8217
-2517
-7563
-2989
4988
-9359
-5919
-4153
9454
8279
5944
-8797
-3047
4655
9382
3429
1286
9602
320
6451
-4083
-4969
4776
5883
6547
-7450
-4631
-745
3063
7265
2223
3866
1077
-2002
-7114
1527
-4957
-2118
6570
7835
-3839
5917
8464
-3559
-9832
-3032
-5002
-1403
2718
5501
-623
4758
-1183
-9221
-973
482
4299
-8465
3835
-2010
-8886
2337
-4861
411
2227
7755
1697
4075
-3874
-9653
4234
8497
7443
7977
2184
1072
4046
8322
-1831
3643
-6775
3018
5791
7089
9879
7394
4294
2283
238
-8586
7399
-2418
1288
-7616
1227
-1570
9216
2517
1178
-5571
-9506
-348
-5444
-3971
-416
4384
1789
2821
-6714
-8207
-1488
-696
3270
7543
8567
-2169
7656
7744
-5099
-5180
5408
4212
-1457
964
8499
-5072
-7003
-7022
6705
1700
-7037
8066
-6882
5878
1989
571
-2573
3616
-9060
-1819
1375
-3004
3641
3584
2346
6347
6154
4617
-3842
-6414
3193
8397
-6538
-8594
8047
-9879
-5480
7786
1596
-9103
1706
-657
-8107
9373
4348
7947
-9568
6235
800
7340
8388
6002
1577
-7466
8562
6247
386
-2149
-6406
-2522
-3764
2443
-2805
-9373
-8874
4815
-970
-2405
9921
3784
-7363
7884
9332
-259
2422
-4916
-818
6512
9024
-3057
-4417
-2606
-4085
-3233
8671
840
9144
-1636
2255
-3122
1233
8665
-2561
-7384
7958
-3290
-9278
862
-5289
5038
5024
-8121
-1245
-1749
2080
7567
-9401
1842
6836
-9311
-4275
-5780
-1014
2240
-9654
-1112
-9091
2296
-3759
-3146
7518
3788
-978
-241
-9706
-5732
8106
928
7463
-694
1322
-8881
-3867
8213
3441
-2831
3391
-7736
-2391
-9788
8168
-5237
3615
-9602
-4673
-2127
-9758
8740
9654
3901
7008
4557
6892
6095
-2572
-3092
7697
-4806
-622
4636
-4583
-9238
2884
-6485
9734
-5334
6682
-1315
-5899
3692
2483
-6409
-4893
2612
2265
-8898
9403
-6091
3784
-359
-8853
6066
7079
-9555
7285
723
4676
-3739
-1032
-6529
-6648
5584
2824
6789
9763
-8264
-8495
-2155
-7733
4604
6432
4613
181
3073
7542
4280
-8552
4213
1104
27
-8124
6075
9749
-2629
7986
860
-5888
1602
578
6990
-1948
8639
-8774
5344
-4733
7323
5983
7976
1687
-7149
3948
3472
-2573
2368
-7847
4414
-1949
-7866
7586
-9432
-9504
2755
2121
-1726
114
1556
215
1084
-5357
-1453
-3602
-224
-5118
9959
-8732
-9440
4777
603
6742
9509
9507
-8145
-4947
8175
1797
4181
-6695
3614
-1818
8543
-5588
8038
7944
-3485
6135
7079
-1270
-8747
5674
-8265
5728
8676
-4266
5132
-1886
-4189
2210
-5166
-5826
2416
-2401
-1837
5062
7862
6369
7934
1898
4334
4832
7330
3316
3226
8959
-6669
-7471
1740
1895
4260
-1520
-7356
4935
6315
1861
1690
3746
1285
3169
-5757
-6020
2829
3641
-3858
8413
9449
6413
-875
8093
-1547
5226
-4644
6355
9918
3277
5382
8485
9199
7228
-8625
730
8807
-722
-7830
6742
6591
-2583
-1032
8833
6144
-2074
-4034
-4613
3009
5140
6228
-7094
-1101
-4935
4336
9759
4266
-6330
-6305
7074
-4665
-4298
9644
-5303
-9742
6833
7444
-2582
-2211
1523
8285
-6261
2347
4450
-6723
1401
-5284
3193
-9235
5043
3064
-4013
8663
-3962
-6440
-9831
-1995
2110
6109
68
4070
1720
-4074
-3447
7539
-3010
-9206
5053
433
-5316
7548
6152
-7965
5012
-5599
8965
402
620
2305
6077
4838
7747
-712
8095
-8507
-7745
-7021
-146
9259
6877
2351
-767
-1988
5465
-7666
4593
2519
4795
5203
1496
2541
-7161
-1687
5174
-8717
-8221
-7950
639
-3993
8578
1263
-5949
4324
2746
-1822
5805
-9537
-70
-2118
-9364
-6021
-7175
5708
8235
1099
7059
-7199
-1746
-9685
5165
3852
-2283
9390
-706
-1643
-97
-6952
-6206
5804
9932
-2508
-2657
-4400
-725
7612
-6416
-7778
-4827
-7961
-6674
-7410
-7264
7981
3245
-7838
7762
1120
-4185
9466
9012
9582
1414
4235
1296
2800
7514
6816
-6583
2901
3517
-373
2782
2310
-4995
-9905
-3989
-565
1920
4278
7323
-3375
-7493
1808
-5983
-613
-4481
-4736
-6061
-9661
-8629
-503
-3829
-3226
8962
-8172
47
-6265
-7113
4895
-7102
9175
-6033
8403
-4450
1704
-686
-2490
1585
1200
9256
4245
-4959
-2788
1957
-7655
926
-5244
-7955
-966
-5542
-1357
-4012
3300
-9218
-2531
-1970
899
8474
7834
-3323
3778
3430
-2446
4307
-759
5502
4054
-8804
8135
7209
4963
-7036
6728
-7201
-8060
-1074
7794
1971
-2578
7174
-1991
-4979
3448
-2578
-5876
4463
-820
2083
5548
8504
9882
9699
2223
1306
-3234
-9862
7025
-7741
8506
7922
8758
5980
-5503
146
5995
-7918
-6762
-211
337
4214
-2283
-1610
-9768
-8243
-449
-9359
-2707
9592
39
6069
5975
8445
-4244
-9860
-9674
1396
-3042
9438
-6514
6124
-6817
8830
5137
7712
2650
-1880
7206
4414
3723
-4492
8381
-7294
1568
-9227
920
-1523
1693
-8339
-4077
-3134
8705
8922
-1561
7764
-3263
9746
8077
7263
7352
3911
-7951
-1963
-7734
-3447
4270
4013
7452
-4107
6587
7386
8076
5559
-8753
-9776
-9469
3888
-2256
7466
-4107
6945
7545
-7032
8097
4612
-7407
-1115
1354
8135
7544
-988
3945
-7795
-5540
-2158
-2420
963
3280
-8704
7032
5350
9868
-6928
-5994
-418
-9435
-537
7466
-2621
3512
-1625
-6238
8936
7492
-9516
-6206
9553
1315
6826
-4471
4553
815
1811
-9519
-7896
-6655
-1232
2082
-1998
-5863
-8670
-4555
-7366
5018
-2019
-6529
6997
7063
-352
-5123
1095
-3992
8084
-4844
2887
5823
-6832
-5728
7025
-307
-4133
2297
-2603
1963
4985
3149
-8326
-7379
9839
8924
6760
8503
2479
1686
1643
6276
-9051
-1508
-8329
7301
8676
-5173
5674
-2446
-1485
-1418
-874
5928
8912
-3354
-6086
9059
-7723
-248
-5903
-1060
3739
-308
-6595
3245
2749
953
-8886
6881
7774
3532
-8711
1275
4138
8837
-6398
-7146
-457
5127
-8527
-5481
8922
5103
8945
24
-5134
-8436
-8436
-3461
-2189
5157
-6082
-7806
7951
-65
-63
7347
-8481
8198
5934
8204
-522
6878
424
-1279
3078
6488
-3198
7098
-8825
-7498
9699
506
-2033
3651
2123
-4965
2320
6007
6482
4718
-3978
-5685
1396
786
-9225
7729
-5825
-8321
8529
5520
-2042
3637
8790
-5457
5762
812
-5641
5939
1856
-2620
-1120
-7919
-5863
6153
-8073
3205
-172
-189
1680
5048
-7512
-7656
9842
1650
-677
7167
4150
-3036
-2273
-8127
6232
-9385
5896
-4148
-1449
-5314
-2936
9805
4621
-659
-7850
-8992
8802
-7517
993
4833
-1447
6774
-236
-800
803
5551
494
7019
7163
893
-1770
-9777
-1452
2757
-5774
4727
8626
2007
-1579
5902
7754
-9053
-424
-575
-1727
9810
6926
2590
1038
6563
-8505
1252
1026
4241
-8072
9197
-9678
4079
-7785
6664
-6532
5499
9843
-3248
-1531
8230
7737
-3828
2437
-7687
-3353
6565
596
445
-9613
-2530
-9060
8438
-2017
-811
796
-5012
3722
-3363
4800
3182
-5306
-3214
1637
5824
-7947
-2937
-5656
7845
-1783
-8049
1119
4295
2131
886
-5556
-6972
-2992
7850
-7095
1762
9841
4578
9775
-9949
-9525
-313
-4814
7097
4789
9952
-3656
-9194
3089
-115
-9859
7689
78
9345
2569
-7872
-6730
-8447
-1009
1417
-9296
5779
-2172
3467
-3941
-9711
-8032
-6983
7843
-2696
-1501
-1626
-7246
1962
-4308
2055
-4761
-1023
5711
-1239
4823
-3737
7779
1973
-6401
1674
500
7226
6164
-4360
-919
-727
-9350
3535
4210
-8166
7976
8894
-8790
4569
-7518
-7090
2951
7348
-8560
2732
9233
-2875
-3775
8969
8794
-2066
2788
-5221
3352
9316
4570
-4089
-7777
9095
-3212
8090
3710
5205
-9164
-9870
-4510
8116
9953
-216
8662
1395
6164
-6966
9207
-6134
-3416
5113
9497
6013
6043
4795
3915
-8191
7527
-6716
-6944
3273
4943
2228
4774
6609
9218
966
-4837
-3134
9397
5308
243
242
9518
6029
-1629
4377
6408
7462
7600
7758
3474
5450
308
614
-9550
3328
-2255
-5048
7
-5185
859
8021
7646
4720
7781
2067
8644
-903
153
3532
-3998
2828
8109
6473
7194
-468
-1
3399
1058
-6751
6218
4746
-3873
6262
4585
4370
3545
7682
-9113
3892
-237
-5582
-1184
-2467
3420
-2135
-477
-6472
-2111
-695
5678
1383
9474
-8301
9775
9145
-3339
-1216
-7189
-6652
-9069
8345
-728
-9585
-2060
-3495
4024
7348
-5861
1648
-6144
8572
2184
-6136
7
-6846
-5113
974
2892
-6019
-1617
-6992
-2958
-7452
5375
-6426
5903
1642
5113
719
4775
-5169
-7681
-5578
-8283
9266
-4753
-5113
7802
-9365
-4483
-955
-1610
-8688
-8241
7892
-9758
-3716
-820
3567
-581
-556
417
5411
312
7490
2879
9332
2922
7206
-3396
-9258
-3541
-4066
-6143
6032
-9033
-4521
-2815
4799
9378
-7379
2801
4410
4501
-8805
-7626
1920
280
-5439
-1136
-3197
3547
-4141
4858
4983
3941
-4141
4732
9053
6115
-1275
6204
1827
-9967
4782
-8738
4209
-3338
-1467
-5279
-6232
3212
9709
1949
-7064
7089
-3959
313
-1856
-8097
-4951
-2748
6466
-8153
-9631
-380
6312
6323
-1650
-8653
-4738
-9119
5370
-5849
2170
2712
5297
-9317
6268
1924
-9346
-4467
5682
91
9257
8693
9547
2603
-8862
4442
-5106
-832
-849
-5447
-6090
-3025
-5715
993
1472
-9241
6799
4890
-4570
5361
5636
-4679
6161
3659
8715
3288
7099
-1999
-6348
-7196
78
4003
7807
1376
584
4025
-3527
-9135
-6755
-1219
-3293
-9436
2279
5771
-7242
-6697
-9141
4884
2349
-8321
-825
4754
6113
6512
-7646
-1511
-8520
-2424
-5924
2318
445
9472
2511
589
1938
8200
-5646
7724
1173
9261
-4878
-8143
9843
-359
-2880
1221
1658
7245
57
-8466
-2852
-7482
5719
1312
6191
3228
-3512
7175
-3850
-5169
-2103
-8629
-1242
-5121
4387
9509
-7394
-1228
7359
7155
-6686
5265
-1509
7398
1842
-7160
3945
9197
5001
-6649
-7721
1093
-960
-8117
-5079
8758
363
6477
-4078
-4346
-7558
8269
-4022
-7712
-388
-1894
-3754
-9977
-5360
-7538
4243
3077
7829
-3252
-1942
-9752
1453
-206
4896
-3479
-3904
4723
-3388
-5081
2127
-8427
9931
4298
-4648
-4220
3552
6947
-564
2369
1770
-4502
-500
-4056
6659
-3584
-951
8617
2032
-637
2154
870
2100
-6957
-7691
8625
-6969
370
3610
7655
-8153
5427
8242
-4813
-5422
-2862
9960
6695
-6801
-2418
-1192
6042
9213
2380
-8990
9487
4314
-5289
-4049
9777
-449
-9634
-2587
-607
3117
7464
2701
400
3621
-380
-6590
4091
-2567
-7956
-638
-2665
-7171
4017
7748
-5951
-8133
7478
-9640
-446
-3806
9466
5406
-9941
5813
-1899
5116
-4238
9229
-7545
2592
8956
-8372
-6295
5980
334
-1629
-928
-5904
4605
9437
-4330
-2788
-8344
-6997
6697
-4206
1919
7452
5091
-9061
-2895
8461
3193
8214
-5765
-9382
6721
726
-6291
-992
-5308
6729
-7033
-8682
888
1809
7250
7175
-9826
8939
-2206
689
6298
4270
-3722
2025
5324
9451
8002
-2656
263
9270
2662
-6470
-5290
4323
5951
7615
628
-9480
4747
8866
5611
9454
-3714
-7139
1992
-2378
3384
-4798
-7018
-2483
-9946
-1941
-9936
-1174
-155
2947
-9793
-2113
-9274
7178
-4676
5897
-1070
7897
-2221
4651
-2625
7040
7706
-8925
6526
-4866
-6483
7389
-9118
-8413
4627
-4889
5789
6014
7574
4992
-157
-9738
1083
3452
9451
867
-9329
-4387
-2368
461
1688
-984
993
-4143
-7071
8054
5397
1566
4392
-7016
-4081
-7070
8356
-7807
-2725
-6731
1743
8969
8617
8094
6105
-6579
3708
-4665
8940
6009
1917
7184
-5767
-2145
4699
3017
-2211
7977
-5115
6691
-4453
1245
-1282
-2670
809
-3630
2370
9754
-829
-7604
-6181
4043
1301
764
-2828
-9240
1421
2031
-8274
-9612
-8658
1567
3447
-546
6978
-7328
3505
-9069
-3811
-4165
4291
8044
-6821
398
5931
5211
-7628
-1702
5382
5926
-4033
-6125
8885
-3237
-7544
380
-6748
-1469
6878
-8831
-4664
7829
-3035
-1844
-3284
-2290
-2472
-332
4081
-5088
1404
1697
8092
995
-1665
251
9907
-8936
-3444
-1508
-2056
-9948
-8228
-5256
-7483
-7226
-2342
-4921
1251
9952
3763
9752
-8463
-4621
-2032
13
9472
5023
2334
-9651
-6530
1729
-7938
5979
-6109
4407
6161
1563
-1377
5730
-5100
-2403
981
3593
6152
-2001
-8140
-864
-5645
-3451
8211
-4410
-417
-7587
-3544
-9109
-2037
-8474
6394
5595
4993
-3117
6297
6200
1126
-5852
-5580
-2583
-5360
-4312
7656
-4713
3274
3961
-9687
-8753
5470
-2413
9022
-4838
8592
5372
-3370
-2773
-1909
2111
3568
-3156
2938
8278
-5947
5179
1389
9445
650
9569
7810
2244
-9101
2260
9353
1809
-7432
-4851
-2686
-5721
-4716
-572
6105
6632
-8944
-4127
-2782
-3923
-1167
-531
6226
-9038
342
6006
-309
3621
2568
6435
-2139
-5035
1299
859
-9845
6881
-3954
1326
-3621
5438
7487
4090
-8987
-5025
-8612
6538
-1041
2442
-2025
3574
-3656
-2635
-9333
7853
4952
6901
-9217
-481
-3445
-9104
-5240
5800
7400
-4698
-9210
-3283
-9488
4866
-7677
4552
-2318
6827
8168
3440
1189
3271
7903
3682
1422
-4840
929
5730
-5719
-9783
7353
-7291
6015
-621
2316
-4190
-9534
-5828
974
1215
9276
-7657
9743
-4936
-2279
6559
7883
-8922
6791
-2117
-2100
-2895
-2907
8465
-4149
5834
-853
-8732
897
-7982
5981
-8582
-2315
6706
293
1218
3495
-4371
2451
7943
1014
2473
6905
3894
-8840
-7555
7316
3826
-5296
5424
7101
-9922
122
-9509
-4555
5756
6885
6430
-7923
3978
-4939
-5157
-439
-1584
-9257
-6074
-9894
-3548
-7425
-4364
8594
7540
5495
7969
-8733
-6165
-2900
3809
-7674
-5202
-6021
7778
-5744
-7125
161
-255
330
-3050
5821
6462
2594
-2056
9400
404
-8338
2133
3641
-4419
-5069
-657
-2493
8564
-3516
7613
7472
6736
3479
-4434
131
4797
587
-9455
5435
-9645
-9835
-389
-7981
3298
-46
5840
5553
57
-4739
-978
4101
-1601
2167
-6431
-6194
3737
-7886
-7711
-1300
-5888
-4946
3875
-7852
-5239
-8701
-6863
-8500
6287
71
3833
-8904
6164
7489
-7849
-6213
1731
9446
-59
-2538
3192
1875
-3084
-5430
8203
7444
-2794
-8047
-872
-1195
-6328
-6365
-2922
9605
-164
5468
-4972
4983
5595
-5314
462
-6978
8305
4472
7485
5493
5284
1891
-7816
-8963
-9213
-8672
-971
-1088
-9885
5152
-6977
-7930
2264
9646
-988
-3338
8994
3754
9011
2456
6234
1130
-8455
1152
-1555
-8933
-2616
2174
6148
-3948
2551
2183
-7530
-2426
5022
1334
-1441
9935
-8007
-3020
-4006
-2093
-1308
-8930
4250
4932
-8839
7263
-3100
-9031
4186
-8072
-6993
6996
-2711
-705
741
-4794
-3716
-7498
-2102
-6596
6741
4722
-9021
4737
-7271
-4682
9359
6039
3828
-5972
3920
727
-5125
1666
-2643
7207
8905
-9788
5352
815
9780
-3418
-9078
6402
-2089
8441
7539
-9584
6633
5564
3323
-4237
1829
-8914
-2751
1748
3826
-103
-540
3135
1716
4585
6124
-9189
2599
-5631
521
5148
308
8200
1375
-6474
4053
4154
-8059
6924
3252
-7489
-6195
3207
-3154
8885
8551
4625
5748
-4371
2433
5725
8719
9817
-5812
8585
8658
5107
-5119
-7316
799
-6159
-1465
-9383
8470
-8485
-7424
-3301
-7530
3068
-8001
-7308
7550
8968
-1047
-6492
2858
7230
2917
7619
1132
-7930
-9801
-5612
8410
-8904
-5565
-4497
-2241
1838
-8791
3562
9077
-1774
3197
7332
-1847
2507
-4851
-2787
2795
-3371
-6960
2038
-5369
9786
862
-9061
-3955
9288
9444
-7148
-1908
3832
1127
1651
3872
9441
3014
-4315
6750
5670
4759
-964
3018
2967
8169
3560
57
1581
-2187
-3276
867
8397
-2272
-6996
2008
6277
3603
-5966
1352
3618
9088
601
-8611
5665
-2753
5574
-2374
2588
-373
-6722
1530
5934
-5437
7239
823
-799
7094
4432
3148
-1117
-1656
-8001
7692
9547
357
5971
1633
-9014
8435
3459
-2102
-9731
-3559
-381
4492
8507
-8924
-9225
-7305
-5684
5202
-2843
-1593
5819
-984
8481
9541
8403
1421
-9798
8917
-8770
-5670
1230
-1108
4222
7744
-3782
2004
-8934
-2537
-7057
9485
354
4942
-3770
-3208
-9222
2878
-1507
4542
-9911
-8099
-7399
3618
392
-1652
8278
-9327
6503
3931
4766
-1455
-5146
-3222
1924
3033
8225
-846
-4584
-9980
9942
4538
-6176
6216
-9928
9794
-6384
7580
4241
-620
2858
-9252
-5652
6964
-805
6640
-2599
7982
5952
4061
5055
997
-2779
8368
1810
1484
8561
-6523
-7210
4716
827
6191
8985
2861
6583
7511
2830
4625
8742
-5146
3
-4219
-8357
-1300
5726
3128
-6033
-673
1189
7905
-1653
913
108
1898
-3857
914
9846
-4321
4587
2885
2394
-4699
-4192
4835
9115
-6017
-7214
8633
4371
4804
4459
-9229
-7035
1004
3198
-4164
-5869
-909
2831
-5489
-1380
-9208
8097
-9595
-8330
1514
-5456
1020
-3656
4007
3371
-7481
7150
-8483
1867
3400
4656
2895
-1652
3670
-3897
-6261
8436
3675
3070
-5897
784
3048
-5823
4074
-48
9650
3241
6114
2713
-7591
1596
7344
-3661
3016
3887
-7178
-4585
-2699
-8003
-793
-4947
6494
-7099
5017
-1939
-6745
8719
7121
1938
5400
-7005
-5094
-139
7559
8278
-3675
-4826
6902
896
4054
-4961
1336
-7251
-5556
3972
-1308
847
7738
7202
1854
3666
9368
7389
5572
-7129
4921
-794
-7801
-1478
3482
-635
-1003
9823
5267
4283
5274
-1427
-2878
-4147
-3701
-8873
3347
-8540
-1659
1238
-7
-23
5969
248
-1906
-6255
725
2231
-3279
598
9630
-5520
2207
-6744
-8089
7551
-2760
5910
339
-5036
-6471
-8482
4576
-5596
1917
1889
-5370
-9146
-9697
-7139
-8799
3582
-4672
5856
-3408
-428
4361
-9828
3440
7516
3559
7035
4953
2126
3216
4705
-8317
2729
-2340
-3724
-2024
-4216
2075
1059
4779
-3969
8584
-5428
5118
-6684
-2314
-9083
-7317
-5931
-3477
9150
-5886
-6761
-1002
5418
-87
-6969
-1165
-566
-8862
-4506
3898
-2446
8223
5970
-4286
-2380
-1996
2233
-6179
-5072
-4366
2968
-4699
-6641
192
389
-328
-3036
1056
-3463
-9499
-3407
8632
-7499
6144
5479
-9094
2365
3070
1328
-4852
-3195
-309
9461
-943
-1239
-8848
-4168
7754
-2097
-7215
-9544
5244
-5101
-3321
9467
-8845
-6174
9709
-8026
-9925
5668
-2373
3679
-942
2732
-2525
1070
-129
-121
5380
4812
-8690
-3217
-9276
4341
1836
-6925
-4733
6319
-687
7619
-3572
-7873
-7664
8642
-3505
5280
-4900
-6054
5988
49
-9347
2302
-4095
3210
-3239
6931
-7601
6851
1662
5474
-4394
-3202
2085
2853
-1721
4419
6631
-3140
9725
-7089
4649
1886
-7499
5642
4248
-4453
4968
-1017
2643
-4980
-9418
-4707
4422
10
-8366
-4430
-6717
858
-3152
3803
-1444
-5129
6957
8199
-4056
-4790
3803
6478
9444
55
-2727
5727
-6517
-4640
7642
936
4275
8910
-6094
-3426
9695
-1563
3672
-9526
-4278
-1124
9162
-1238
-5083
9780
-1318
8640
4026
-5565
-7481
3492
4104
6051
-6361
4028
7881
-1941
9636
-9492
3786
-1891
5286
-2527
2701
-499
-7850
2865
9194
-1004
1527
-8765
3164
-9139
-7087
-2450
-1484
-4389
7740
1428
9597
-9309
3439
2842
9850
-8663
-3783
-8713
-5258
5402
9053
-3048
6574
-9228
7669
-6307
3050
2451
284
-2081
-2241
-2160
-5084
-9639
-6846
-335
4133
-3554
8350
4820
-6178
7620
-4501
-3330
7723
2089
4354
5478
9817
1499
6058
-8
8943
-136
1140
-5296
4535
4953
7287
-67
-5279
3091
-3712
1454
1994
-3059
-9822
-7716
5361
-2282
2027
7665
9181
6332
-6427
8378
3437
889
810
6222
-5130
-9473
3529
9304
5218
6608
7345
-7936
-9863
-9645
6264
-4583
9689
9649
3865
3926
-3550
-5520
1601
-8090
-8237
9666
-9673
4818
-8333
-6474
902
-7324
2806
-4758
-6341
-8139
-3841
7624
5118
7936
871
7815
-1965
332
5880
-1426
4006
-3566
7634
7850
-961
6891
-3192
-1817
8730
-8686
6865
9713
-6153
8297
8145
-3027
-2990
6131
-5950
-7714
3389
-232
-2712
-7350
-7785
-5548
-6948
-9896
-539
-6621
6801
3403
-4363
-3582
4470
-9601
-7587
-7869
2585
5144
-5670
1481
1623
8980
3015
-5486
-8245
4289
3802
-9084
-5825
-3357
656
-8550
-1473
-9311
6350
-9184
-6844
-8670
536
8503
-5450
-6947
-963
-8870
3222
-1930
8997
6692
-6437
-9234
8480
-4591
6184
-4300
6361
-5943
1812
-5911
7644
8096
-4594
-7674
1595
-5457
3242
3352
-4155
9530
4210
1645
3757
3289
2821
9582
2158
-6802
-4682
4207
944
-2321
3113
-9568
-2102
1465
4361
8286
303
4972
8773
-9124
-8304
5207
5994
526
-4021
-6424
-2174
1479
-8087
-2873
3065
-2584
-2066
3441
6950
-4628
-3214
4490
-7593
-218
6367
-3309
4090
-6948
-7381
-6246
-7022
-2010
2459
-215
-8827
379
-2842
-2363
7533
37
-135
1691
-869
-6469
-9097
-3591
8364
7109
-8231
1792
-733
3800
5824
9644
807
-383
8058
-9066
-5831
7689
-2772
658
5841
-8784
7863
1143
2412
6226
8344
-8840
7852
-195
1911
-6645
1528
-3510
7192
-3304
-3342
-3752
-7479
2251
9579
356
-3834
-7488
8943
9875
-3228
-5710
5127
-8012
-9844
3503
4485
-760
-6137
128
7949
-2540
6165
5846
-7057
-1950
-4245
-3214
1266
9998
8600
7635
-1749
2846
-847
-8169
5043
-7930
-8533
-8078
-6791
7233
5052
-4788
7356
-8452
-2924
-1325
-5039
3468
7639
-169
6986
-6170
-7718
-2049
2298
-2600
-453
-8700
-5034
6549
-2716
-8485
-5887
8703
-279
-2491
-8217
5751
-1963
-6745
-7043
-2206
-2550
3010
1990
-5017
1082
-8272
-8770
-4794
4124
6021
3871
2126
8955
833
-3166
1267
-1103
-1559
-2717
-925
5676
-27
-8174
101
8442
-8223
-7197
8447
-6464
-425
-6698
8356
-2246
-8540
-7961
-2395
3505
-11
-142
698
-7020
-9717
-7408
-9119
-2784
7947
8441
-4763
1984
2062
-1778
8238
5043
-7143
1958
162
1667
4098
8946
9359
1604
1173
-2051
-2637
3998
-9991
-4950
4196
-5478
5428
-2763
-1649
-9397
-585
-5810
1147
-4500
1325
5554
-2963
-8305
6964
-6701
-4141
8250
-1131
-5093
1083
6374
6975
4233
3307
4557
1386
-2461
-8436
1492
-6597
-5475
2630
4842
-3875
5629
8581
2018
-4188
5246
9887
-4575
-8688
6003
4748
7016
9269
-6072
8720
1552
-3979
-5065
-4440
9291
8512
6038
5954
-3537
9149
-4745
3074
-7411
7173
3336
6689
-3876
6112
8487
-963
7379
-1404
-9205
3996
-6576
6519
9592
4468
-3180
543
1407
-9330
-6916
1736
2762
7665
-8808
6784
7547
7475
9553
-4884
-7418
2225
6096
-4584
-492
6362
2331
5980
523
9191
-2383
-3551
3281
-9924
1814
-2562
2089
6756
-1498
547
-5081
9927
-9093
3197
-9454
9980
9534
9521
-992
907
8161
-6722
-5101
-3427
6746
-1691
7517
-9272
6176
-8915
9261
997
-2688
-1927
3802
-6085
9711
3639
-3524
4792
-94
539
7333
-7047
7231
-3533
438
8896
9609
7231
-5996
9786
-5160
-5110
-8604
-2745
5794
-4312
-6006
-5960
4759
7677
-2552
-2469
-883
5908
-5710
-1669
-7076
7954
-3439
-2320
-8444
4246
-8990
-474
-6591
-6922
-1555
4489
-2549
-5849
-4442
-2855
8918
6045
-294
1516
9706
-357
7502
-334
4949
4847
-2050
-2401
4885
4495
-2468
-4313
4116
-2901
1302
-2095
2788
-3852
6948
1806
5870
-2365
8590
-8924
-9629
9659
4265
-1530
-1746
-3958
-7273
9029
-1797
-4403
1023
-74
7757
5894
-1788
-1344
1126
5711
637
-666
9116
9331
-1691
4453
-2659
-9376
8640
-3530
-9793
4421
4769
5486
5176
2187
8249
-3283
5559
3110
-6614
5477
9482
6573
-6122
-6560
5806
-1674
8008
-3047
-4675
5035
-3669
2492
4536
-7027
-4836
-7266
742
8223
-4623
-1334
-5793
-5921
-8797
2838
5774
1443
1992
7079
-9329
-1690
-1378
-896
-6085
-7560
-4647
-2414
-6489
-4791
-8071
-6336
7702
-1684
5221
4072
149
-8863
7849
-7935
-4253
-5831
-224
-5476
7712
-3609
-8477
3864
-9186
3380
-7156
-7479
4945
5343
4844
4295
2731
-6262
-7807
8103
9032
7290
2890
-6559
832
-7774
1175
7090
-8140
9771
-8998
8765
2380
6796
-3332
-3761
6159
-1906
8569
-7279
9214
-2291
-1280
-616
-7685
-6755
-1349
6944
-5468
-8617
517
-9967
-1277
1667
7564
3606
8830
7198
-3595
3188
5751
5941
4908
-1571
-7572
-5060
2774
-2768
-1101
-6443
6471
-8174
-1593
5532
6078
2515
-4862
968
3600
6510
-9084
-6280
-7503
-9327
-9953
9071
7870
4809
-4121
-2434
-4569
1503
-43
6695
-3998
-7939
-6627
3871
-9303
6605
7406
-8227
-7962
3779
2804
-8595
3329
-7232
-160
7641
-9202
-8731
3457
4949
9542
3025
-9496
-6189
-4516
4280
-182
-9604
7759
113
-5574
8642
-280
-8095
-4341
7936
3887
-4748
-4530
-1459
-4035
-7354
7678
-4668
5517
1972
7365
-2115
-717
7977
3773
-8841
552
-3945
-3158
-1320
-3584
8567
-7392
6150
9156
-7470
7177
-7630
9565
-7028
4089
-5175
-4212
-2499
7729
1081
2269
2066
905
3296
6485
4496
6945
1319
-7774
-8947
152
-2233
-1285
-3164
273
3454
-239
4455
-8903
-7681
-4340
5626
-4216
3470
-7618
-4277
-1315
6580
2915
-7845
-8509
-1213
9826
6919
4580
2657
3584
3198
5392
4342
3991
9524
2897
-5721
985
7972
8082
5376
-3116
-5131
-4860
-906
-208
-6643
5180
-8613
4202
4523
-4301
-5818
-8743
3228
3560
-8526
-1863
740
-1887
1849
7715
6968
-1316
102
-2086
-3249
-1199
-1058
3140
8747
-7871
2898
-5557
-2289
-8324
-3867
4621
-411
6528
8503
-9470
256
7505
-5318
2744
9341
-8687
2968
-3549
1322
201
2688
-3409
-3589
9204
8143
-8435
-4122
5061
-1130
3165
-387
-2540
-1845
-9830
-7080
2615
7877
-7575
328
-101
-7984
-9740
7272
8095
1773
3955
-6329
-1472
-4145
2072
2310
-2286
-983
336
743
-3988
5839
7188
-3102
-4317
2686
2766
9358
4403
2169
4071
-150
-6456
4233
-5609
-9761
9768
-6363
919
-8592
5527
6325
8582
7319
-3765
-4150
-7794
5406
5756
-1266
5435
-9123
-8292
-8892
9392
9152
-8558
2254
-4547
2936
5333
-9907
9238
-2439
-6240
-4880
-7902
-6920
-8901
3485
5758
-3845
-8732
-5438
4900
-4480
4495
2112
-4860
362
-5687
6945
2045
-5438
-5646
-8890
-151
-383
6833
2712
-6579
-7343
-1263
4929
-9903
6507
9550
2735
7001
8305
3623
5894
-7629
5653
7918
4602
1302
6385
6006
8061
7577
313
-289
6901
2730
-4850
2104
-6802
5512
8766
-267
393
-2498
-6108
7251
-4830
4643
7988
1437
9527
8344
-8067
-3843
1674
-7084
-2220
-5052
-6551
266
6546
-3058
7668
-6331
-3029
566
7543
-7499
9184
7127
-8332
6349
3927
370
-4511
3845
1085
-5830
2536
6589
9715
1190
-5090
-9821
-8024
-2155
140
2671
4617
492
7651
8026
-9846
-7339
7000
-603
-6821
-7138
-6345
-1879
6213
-8806
6844
-2217
-5848
4677
4308
6279
-1834
9360
9758
-6907
-524
-9836
-8576
6818
-912
-9551
2706
2856
-3023
5204
-6335
-2003
-8797
6336
-9905
-4228
-9909
-1282
950
-8973
9170
-2570
-8699
-6619
-4813
-671
1051
-1268
-420
-6743
9679
4970
-8418
115
-2573
-7249
1043
-863
-2545
993
2249
938
2894
-7672
7153
-9611
-3149
9618
-4953
5934
-9915
8367
8521
-9655
-3562
-8824
8413
-9869
-2839
7906
2350
8875
9694
4238
6360
6641
6526
-131
-4289
-5753
3360
-5957
5366
5981
-8136
-2109
-6099
5017
5439
-1532
7898
-7291
3932
5024
-6608
6658
-2009
-6033
1984
-9155
-9645
2753
9112
7818
-7424
7553
3516
-8288
2362
-122
-82
-7235
-2626
-7713
7115
-2783
-3847
8108
3211
-242
4182
-5466
-5369
137
-1073
6669
-5359
6620
4111
-6847
8957
-9411
8385
1480
-4753
4897
-246
2274
-5168
4533
-68
-7519
9626
7037
-5593
-2410
9591
-2079
2369
7068
-1645
-7863
8847
8618
6308
9267
6259
9189
-1968
-8970
-6931
-2136
-4725
-8681
-2192
-9382
-1187
-9801
2494
1954
-1933
8922
4931
-2389
-6240
7131
-3165
-9667
9529
2964
-6693
-3145
8548
8141
-7993
3671
5264
-8475
4657
-208
4703
-478
1474
-342
1747
-3591
791
4346
-8085
7083
-3244
-6107
-1722
2873
-9199
-3020
-3202
9617
-6894
5332
46
6589
88
3281
8020
7913
-9293
1880
7207
8491
-2518
760
9671
-7303
7183
5986
-7200
9564
3610
-6634
143
5236
-4181
-2623
-7350
-5068
3442
877
-6080
300
-3719
-6658
-5843
5165
-2157
-8012
2088
6711
6352
-9054
1199
-5597
8673
9677
1217
-7941
-5865
-4330
-8071
-945
8014
2080
-9015
-2531
7195
9969
6023
3444
-6054
-6063
5763
72
2947
-1545
172
968
7530
-2574
-2150
6289
2864
5703
4495
1861
-9159
-5742
-3250
7119
-1176
-8963
2493
-1964
3518
-7247
6585
-7863
5765
1150
9528
-5198
8408
6931
3690
5978
6994
9196
8672
-8075
6838
1783
-1048
-7164
-3384
8581
-6074
-3680
4018
-8907
-8540
-4822
-2160
4974
9414
6832
-9903
7640
5869
911
8364
-8072
-9257
-2001
-2624
1617
-1295
695
625
-1639
6892
3113
-8433
8922
-1181
-7861
-3318
-7322
8840
-3700
-4110
-2411
7657
-6350
-1290
510
-6704
-6429
694
-856
-5351
-1153
-903
-2518
1197
-9284
-6143
-8214
-9118
8482
-8530
-6074
5635
-9943
-8181
2359
91
810
-4394
-470
3901
5196
4804
-3696
-8748
-967
9073
4281
4326
4525
250
7744
6334
-1050
9926
3012
6406
-5676
5194
-3307
-9953
-7797
-3012
5794
-4274
9763
142
-6299
1160
6086
396
-1933
48
-4173
7304
-2794
7244
-6783
2300
-7467
9833
-2591
8553
-4626
-4966
-5881
-7694
-9983
1451
-9864
-2851
4660
5356
-4679
852
9271
1528
-358
6267
-2755
1557
3260
4142
7999
4354
-2187
1855
1972
2615
4945
-3703
8261
5042
9976
-1214
6135
-4265
-7546
1108
754
4590
7151
-9062
4777
7031
4657
779
-1224
3323
-5641
-1425
7254
-6434
1064
-2885
7150
-6609
-4932
-5357
-738
3741
7726
1777
-7962
-4279
5818
-4043
-6697
3997
3088
-9600
-3186
9341
-8940
6453
-1688
-8568
-7664
-9548
-4527
-7534
3117
9319
-4404
1264
9778
-8585
3758
-9329
9915
-1975
-2907
8497
-966
9335
6067
7905
2366
412
-3145
2888
-7486
1504
8759
930
-8624
1726
-22
-482
-2717
4221
5371
8541
-5318
-8828
-5392
2375
6938
-3930
-6383
7423
-6023
-1796
8662
6097
-7454
-8152
-548
3374
-951
7151
-352
-8892
-2114
9601
5206
-4653
9838
-3583
-4275
-2314
3601
6652
5477
-2118
4704
7370
8745
1979
-2111
-9369
4447
8462
507
2690
-4323
-4310
5522
-4816
-1324
-3192
-8757
-3464
2900
8005
1251
-2960
-7685
-774
5322
-6966
-2990
9455
8360
-3772
-2267
-1321
8424
-9313
-4802
701
-1467
-8506
-4949
611
-8136
-8764
-9064
-9708
-7000
2142
436
5065
-9747
1668
2904
-3355
-1597
-9823
5991
-2110
-4988
4509
-7332
7809
-8967
1091
-4267
-2521
7595
-3711
-8010
9381
-885
-959
6745
999
7980
-3734
-1346
9372
-561
194
1605
3470
-5795
-5876
-8178
-889
8758
-7489
-69
4360
3011
-2396
-2177
9849
4902
4398
-2590
-5593
6746
-5501
-7492
-8996
-1601
-6932
-6634
2472
1204
9393
4643
6608
-7223
-8581
-2662
3221
-2311
-4304
-8952
-3831
-1586
9638
-6254
-3304
-5270
-3900
-5562
1427
4332
4433
-1325
-1946
2445
6854
4852
5897
5985
-4071
975
1318
-2144
6120
-5991
4849
-9545
9010
-3872
4585
2582
-6119
2201
2710
4872
-7415
2620
1408
2034
-9608
-6702
-3130
-1678
5312
4096
3829
-4292
-6699
9262
9657
7624
2579
-7158
1031
-2172
-312
4275
5518
3636
5570
8342
425
-2490
2637
9108
6517
-6886
-7437
9193
2882
-4408
-6457
-5656
-9564
2696
-2500
5703
-6384
5090
5804
4559
1055
7156
-9235
824
-5629
4483
-9662
-1993
-7726
1515
-165
9015
9771
-600
-9677
-6313
-1651
-8376
-4829
6864
5857
2957
2178
1262
8125
-7248
4808
987
-7934
2982
1104
-7650
-9277
4427
-7681
9900
7405
-785
-5181
-7056
4089
523
3801
2557
-3842
-5881
-85
4232
8870
-2245
9446
-6195
5534
2917
3404
148
-7193
-6419
-2554
-6591
-8572
-4333
6636
6052
-1472
110
-9299
-6756
-1289
-3296
5896
7484
9045
-6009
6353
-7133
-9661
8905
-835
4591
3563
-7835
9134
1963
9071
3925
8362
190
-5339
-6575
-5653
1687
-3410
-2001
-1281
-7226
-8985
7163
-8159
-9578
1885
-1172
1538
-4113
-9230
2305
-5395
83
327
2667
-9568
-1738
-6776
-8704
7497
-3441
5014
-7832
4785
-1175
3510
9774
-1705
-2603
-5035
-7427
-7246
8548
2367
4630
8664
-7438
5112
-3427
9682
-3257
4498
2063
-994
2546
-1385
9269
-3781
-8869
-1582
7102
9223
7801
5713
9135
4502
-8800
-6490
-4998
3148
1213
1854
-9229
-9231
6651
-4122
-1293
-8943
-171
3378
-7595
7919
-9002
2044
6255
7420
2652
7290
6059
-2641
3069
5683
5542
-8015
3183
1054
-4506
5479
2244
1133
-1474
-9066
-7083
5120
-5254
-222
5749
-8733
-9052
-8413
6518
-8556
-2289
-6630
-9524
-5381
4412
-1778
-8644
1367
6851
-6332
4651
-3899
1542
-6156
-319
-8891
-4520
8599
-5
519
-295
-6521
3357
5549
4671
-5828
7504
5048
-825
8982
-1867
-1181
-5258
-573
-9791
8196
8644
5588
4964
-1094
4817
-9130
9637
8039
-3062
-4758
-3030
-9808
5688
5643
-3235
4584
-1690
1784
-3450
-9362
-7648
-8257
5953
-6905
-8151
9065
-26
3300
7163
8986
-354
6122
6948
-4421
984
-9280
-4204
5863
-509
-7030
-315
7533
5665
-2639
-7713
2738
-3144
-9889
6668
8712
946
-7041
-804
-6193
6819
-9387
7536
-8034
-4496
2755
1506
2747
4448
9155
7111
2061
6960
-3356
-1152
-304
-3288
6293
-4463
-5946
-7227
-5502
-7963
-659
9292
669
-1289
7371
1791
4998
9820
3766
2887
506
8014
-2692
-3835
7300
-9311
-949
7637
-7582
-4693
9986
1127
-2243
1372
-6510
7795
2618
-4471
-2282
-628
-8390
-4073
-498
9538
8224
7362
-6768
8816
5082
3948
6420
9788
-8766
-3297
-6211
-2046
8229
-1986
329
1765
-2759
-4659
5484
8854
3990
-8047
8989
8492
2693
8606
-974
5409
3599
-4509
-9921
-9822
9960
2897
1674
984
-4429
-4427
-7433
-866
-4930
-962
-1252
9518
1036
-3971
1852
5448
7527
-2490
7746
1003
-5033
-4107
-7831
-9489
-9793
6570
-5967
4382
776
-1525
-545
-8803
1374
-7789
-6870
7474
6987
8461
-7331
-5169
-9338
639
-7708
-9869
-5329
-4965
-6511
-7787
5206
6941
-9768
-6487
4814
-9209
-6083
2253
-8081
-1146
9719
-8161
3073
5585
7229
-826
-8853
-7295
7966
-8293
6886
-3036
-7694
-3897
7738
-9262
-5310
9388
-7458
-6264
-2353
1803
1600
5181
5822
4572
4208
1125
2140
722
-6702
-4542
-7863
7413
-61
9363
1596
-362
4600
6446
-9001
9557
9411
5342
5823
-1399
-4393
-1198
757
-1534
124
6919
9692
-3200
-8171
7681
-7561
9154
-8746
1842
-9498
-6078
-2034
-1334
-6272
647
6738
8579
-2451
8184
-7001
-6857
-6004
-9207
-8604
3207
-7198
-9721
-976
7968
-5909
2699
9247
994
-4926
-8425
613
-3117
-9138
-3416
3835
-4608
-971
-3634
1990
9577
-7522
1962
5320
6565
-8662
9690
-2875
-2921
-4474
8693
-8814
9755
-7636
-7940
-4848
-975
-497
-3752
4141
-9947
-7054
7952
-777
-9985
-5938
6814
-9105
940
3331
5988
4803
6445
2544
-9430
4176
-4155
7519
6657
-3818
7596
-9250
-6799
289
3355
-7369
-5974
3713
-6571
348
5675
9865
-4320
5166
2874
-2422
-9691
2981
-2996
-1345
5495
5217
8898
-5124
1365
1013
-5208
1063
889
-505
9293
-3123
-7293
3024
-1649
-9092
6387
2412
-2602
-1987
-7405
1166
3803
-3187
3279
-6737
-6100
-6731
5543
-4112
8779
1332
9318
1791
8729
-7841
5869
8700
6184
1004
3379
1791
-1152
7736
6590
-6401
-6390
-3578
7457
5014
-2858
-1062
-8407
4704
2639
6370
-2559
9198
-3185
-8895
-9819
-5984
-9
3231
-1475
-3389
4544
-2034
-5285
9523
-2349
4605
-2661
4385
-496
5443
7669
4566
8087
-5281
-8686
1439
-7068
740
1647
-6306
-3809
8613
6647
8522
9122
5780
-8226
3628
9854
-2110
553
-1029
6467
-2679
2477
7702
9081
-1151
-3977
-130
6292
4834
1563
-799
2967
8418
5590
6072
-3178
-5472
405
9904
5297
8802
4747
-4323
1328
-8237
-6514
8024
-6210
-5605
-7410
-9593
5237
1699
8285
6052
-6154
5840
-9686
-8269
-2791
-455
1169
-8365
-1582
-6084
7633
9311
-802
-3266
3020
-6575
-1751
-8233
6722
-1290
2152
5762
9116
8171
-3826
-1408
-34
8220
2062
271
6541
-4584
-7106
9821
-6596
5312
-8676
3222
-626
-416
-5595
-6009
9077
-5413
9555
4633
-9334
7384
-133
-2247
-2145
863
-1373
6369
5243
-3818
-4026
344
7838
-2332
-9597
9816
-403
-645
-7882
4137
-4786
7923
-6412
-2431
-6037
730
78
9789
-9572
-2504
8840
-2899
9811
-4767
4231
-8539
-8923
-1474
2266
-2351
796
-6796
-3061
-8035
5140
7602
-2962
8187
6435
2896
-9135
2442
-3711
1882
-9564
-6813
5059
3156
-288
9515
530
473
4773
-4874
-8333
-1187
8560
8314
4010
-2680
-5222
-9939
-2272
6402
2242
-2430
-1087
6974
-4580
-354
-585
6679
2490
5648
3941
-1643
-1651
9715
-815
1749
2587
-9249
6274
234
2911
1801
-5494
2408
7689
4119
3422
-3327
-8624
5947
-7105
-3675
1862
5723
-3049
2908
7601
-3711
-5912
-2688
5066
4617
623
-7083
3229
-2390
1088
-5025
-5152
-4852
-9051
-8589
-213
-7896
7055
-8370
-8928
7771
3907
-9408
-69
-3574
5271
-4203
2552
6614
6851
-9288
-5029
-8562
5950
9018
-8351
4861
-7525
-1946
3878
1800
-8733
5118
5839
-6204
-6520
8049
8439
6303
4091
-6398
-5033
1221
3949
648
7649
-9764
-555
-7564
-869
2181
8352
6710
-7872
5300
2411
-9798
-3426
-1677
1832
-1142
9262
-7466
8517
-5342
-2715
-4345
-4822
-474
3400
-107
-991
2172
8575
3805
-720
-2026
2685
-4923
6157
-4310
-5170
-6146
-9476
-8566
-5035
357
1398
1826
-2233
-1265
-7519
-5601
-8154
-3508
3511
-9614
5466
-900
9452
693
-6963
-3491
-5315
-6
6104
-7662
-7917
1180
8181
-5773
-6839
-9737
-7132
-5441
-2077
8738
7134
5114
8648
7076
-1142
-4484
4954
-2219
-5678
-1857
4640
-2936
3056
-4016
5808
-2875
-5602
5482
-8093
-3727
-4065
3812
-4707
1052
-6927
2692
5408
-8878
3137
-6708
-8346
-2474
-2549
-9488
-1394
-1960
1595
2294
-9847
-2929
6560
3495
6344
6923
-6122
1888
-4461
-7881
6413
50
6792
-4936
1028
7877
-3285
5650
-8880
-7141
8553
2902
2542
4430
8747
6268
9616
-6263
531
-7238
-2402
9480
-4080
-4717
-9895
7904
-5252
-1466
3503
2771
9120
-6840
-7983
-6699
221
-6732
1299
-9359
-9189
3937
6373
9885
5314
9658
-4879
-4476
-3135
8027
-4868
6795
-4642
3613
5439
6209
4169
-1152
-9766
-7857
-768
-47
1437
-5252
2927
8531
825
2999
7594
336
-1508
-4703
-3800
-3371
619
5969
-119
7758
-6142
-4547
-5288
-3631
-4140
2459
-1034
-1149
-4423
1011
-5111
-5832
9297
4766
911
8471
2584
-1166
-1015
5773
4212
-9885
1139
5874
-6983
-2458
215
-9025
2244
132
-3177
6772
8149
-1356
-9935
-4192
1562
-4521
8567
-3591
-3799
-1873
-5359
2816
-2509
1453
-3742
-943
-3639
885
6864
-6940
1686
6900
8958
7085
-463
9999
-5063
-4692
-3472
6230
-4066
2008
-7786
-5327
3618
-9988
112
3570
-2545
-8887
784
-1298
-2729
6193
7181
-1057
8583
1895
3157
7391
-7458
-595
-2254
-3960
-8044
-753
49
520
-8771
-4937
-3579
9281
9890
266
1381
9379
-313
2332
-870
8298
3828
-3299
7226
-8657
1328
6497
-6800
-1318
-742
8750
-6098
-6663
643
237
-1697
2592
6970
6774
8390
-6499
-9437
-7139
-7453
-8498
4521
9642
8103
5469
8525
-644
9476
1819
-1668
-7047
9502
6790
6397
-3424
6581
1917
-8495
-2452
5817
-9533
8785
-9027
-1566
-2285
2691
1513
-3097
-5630
5349
2770
7820
5355
-9800
-4582
4858
1628
-9987
-3958
3416
-7706
-3182
-985
-6786
-9334
-5764
-6048
-9808
7778
5765
-3731
1464
-5894
-112
8696
2026
-9782
2872
1033
-5276
-3297
7761
6061
-8928
4269
2298
-2711
1428
-3230
-4128
-1787
7633
7090
-8739
-894
2605
328
8180
-7545
8393
9707
5428
-3313
-5316
1379
5431
-1431
4430
-8103
9794
-1107
-4623
-9354
-9505
4300
-3372
-9997
6454
-5811
8722
